Vision: 
  tag_size: 0.065
  K: [336.7755634193813, 0.0, 333.3575643300718, 0.0, 336.02729840829176, 212.77376312080065, 0.0, 0.0, 1.0]
